Register A: 37283687
Register B: 0
Register C: 0

Program: 2,4,1,3,7,5,4,1,1,3,0,3,5,5,3,0


108107566389757
108107566393604 
(0 3)
(24)
(196)769
840
(1573 1575)
 26393448760
 26393448761
 26393448824
 26393448825)
(211147589970
 211147590002
 211147590082
 211147590087
 211147590089
 211147590095
 211147590098
 211147590130
 211147590482
 211147590594
 211147590596
 211147590599
 211147590601
 211147590604
 211147590607
 211147590610
 211147590612 
 211147590738 
 211147590754 
 211147590994 
 211147591010)
(1689180719764
 1689180720712
 1689180720788
 1689180723860
 1689180724769
 1689180724808
 1689180724833
 1689180724839
 1689180724884
 1689180724897
 1689180724900 
 1689180725908 
 1689180726037 
 1689180727956 
 1689180728085)
(13513445758112
 13513445765701
 13513445765702
 13513445766304
 13513445790880
 13513445798469
 13513445798470
 13513445798719
 13513445799072 
 13513445799200 
 13513445807264 
 13513445823648)
(108107566389757)